MeshVersionFormatted 0

Dimension
2

Identifier
";2, Date: 18/04/20 05:45 09s"

Geometry
"mesh.txt.gmsh"

Vertices
27
0 1 4
0 0.75 4
0.25 1 3
0.5 1 3
0.166666666154 0.666666666154 0
0 0.5 4
0.333333332821 0.833333332821 0
1 1 3
0.75 1 3
0.666666666154 0.833333332821 0
0.249999998976 0.499999999488 0
0.166666666154 0.333333332821 0
0 0.25 4
0.499999999488 0.499999999488 0
1 0.75 2
0.833333332821 0.666666666154 0
0.75 0.499999999488 0
0 0 4
0.333333332821 0.166666666154 0
0.25 0 1
0.666666666154 0.166666666154 0
1 0.5 2
0.833333332821 0.333333332821 0
0.5 0 1
0.75 0 1
1 0.25 2
1 0 2

Edges
16
1 2 4
2 6 4
6 13 4
13 18 4
8 9 3
9 4 3
4 3 3
3 1 3
27 26 2
26 22 2
22 15 2
15 8 2
18 20 1
20 24 1
24 25 1
25 27 1

Triangles
36
1 2 3 0
18 20 13 0
19 20 24 0
21 19 24 0
12 20 19 0
11 19 14 0
27 26 25 0
23 17 21 0
26 23 21 0
26 22 23 0
22 17 23 0
17 22 16 0
10 17 16 0
14 21 17 0
8 9 15 0
16 15 9 0
7 4 3 0
2 5 3 0
14 10 7 0
17 10 14 0
15 16 22 0
16 9 10 0
9 4 10 0
7 10 4 0
12 19 11 0
13 12 6 0
13 20 12 0
21 25 26 0
19 21 14 0
24 25 21 0
6 11 5 0
11 14 7 0
5 11 7 0
3 5 7 0
2 6 5 0
6 12 11 0

SubDomainFromMesh
1
3 1 1 0

SubDomainFromGeom
1
2 8 1 0

VertexOnGeometricVertex
16
 1 1
 2 2
 3 3
 4 4
 6 5
 8 6
 9 7
 13 8
 15 9
 18 10
 20 11
 22 12
 24 13
 25 14
 26 15
 27 16

VertexOnGeometricEdge
0

EdgeOnGeometricEdge
16
1 1
2 2
3 3
4 4
5 5
6 6
7 7
8 8
9 9
10 10
11 11
12 12
13 13
14 14
15 15
16 16

End
